1	[-6.455633009435331, -1.4556330094353314, -67.26899587552235, -62.26899587552235, -83.9706802368164, -78.9706802368164]											
2	[]											
3	[26.935416670497368, 31.935416670497368, 4.241021654256812, 9.241021654256812, 71.2594223022461, 76.2594223022461]											
4	[35.47751827256852, 40.47751827256852, -6.427253944889948, -1.427253944889948, 75.45476531982422, 80.45476531982422]											
5	[9.983815794079064, 14.983815794079064, -18.346279811294124, -13.346279811294124, -105.93082427978521, -100.93082427978521]											
6	[-7.536627809488039, -2.5366278094880386, -28.172052022644486, -23.172052022644486, 100.54462432861328, 105.54462432861328]											
7	[16.780460867814497, 21.780460867814497, -73.92034569034891, -68.92034569034891, -95.33692932128906, -90.33692932128906]											
8	[6.843578535277345, 11.843578535277345, -70.26840418304043, -65.26840418304043, -77.48844909667969, -72.48844909667969]											
9	[]											
10	[13.743649453913093, 18.743649453913093, -81.99871210096045, -76.99871210096045, 67.43509674072266, 72.43509674072266]											
11	[16.319687378268156, 21.319687378268156, -37.57448863074957, -32.57448863074957, -87.754035949707, -82.754035949707]											
12	[16.319687378268156, 21.319687378268156, -37.57448863074957, -32.57448863074957, -87.754035949707, -82.754035949707]											
13	[26.335329002228576, 31.335329002228576, -51.63761319109531, -46.63761319109531, 80.8605728149414, 85.8605728149414]											
14	[33.84977922180258, 38.84977922180258, -64.94634331093117, -59.94634331093117, -105.47314453125001, -100.47314453125001]											
15	[35.14227170826453, 40.14227170826453, -80.58596520595871, -75.58596520595871, -108.62437438964844, -103.62437438964844]											
16	[]											
17	[]											
18	[4.075466065295728, 9.075466065295728, -14.118491706361425, -9.118491706361425, -87.04303741455078, -82.04303741455078]											
19	[23.92102629139832, 28.92102629139832, -40.98040801941801, -35.98040801941801, 85.36237335205078, 90.36237335205078]											
20	[28.58391003868043, 33.58391003868043, -14.77204405664284, -9.77204405664284, -87.47560882568357, -82.47560882568357]											
21	[-3.939365337051342, 1.060634662948658, -72.60471099934905, -67.60471099934905, -74.18859863281253, -69.18859863281253]											
22	[39.542719924649376, 44.542719924649376, -18.998203583856565, -13.998203583856565, -1.6000083684921265, 3.3999916315078735]											
23	[49.86053779632351, 54.86053779632351, -42.15238737916807, -37.15238737916807, 19.734981536865234, 24.734981536865234]											
24	[45.24048827892655, 50.24048827892655, -25.70009218119175, -20.70009218119175, 23.6254940032959, 28.6254940032959]											
25	[]											
26	[]											
27	[]											
28	[]											
29	[9.750926637587984, 14.750926637587984, 25.729195052827492, 30.729195052827492, -73.72300720214844, -68.72300720214844]											
30	[25.651046831759828, 30.651046831759828, -13.29872334497388, -8.29872334497388, -80.27580261230466, -75.27580261230466]											
31	[10.778186356907185, 15.778186356907185, -29.15657449201798, -24.15657449201798, 64.30897521972656, 69.30897521972656]											
32	[-1.0287867569471132, 3.971213243052887, -49.40225671734933, -44.40225671734933, -81.57637786865232, -76.57637786865232]											
33	[-1.0287867569471132, 3.971213243052887, -49.40225671734933, -44.40225671734933, -81.57637786865232, -76.57637786865232]											
34	[0.9467179575076585, 5.9467179575076585, -40.609013395223926, -35.609013395223926, 76.97572326660156, 81.97572326660156]											
35	[11.630412814955946, 16.630412814955946, -59.95371535110566, -54.95371535110566, 66.45182800292969, 71.45182800292969]											
36	[14.559260744622406, 19.559260744622406, -61.33598956415054, -56.33598956415054, 75.69804382324216, 80.69804382324216]											
37	[11.41146535071411, 16.41146535071411, -16.315491661743522, -11.315491661743522, 57.73700714111328, 62.73700714111328]											
38	[6.23530744415271, 11.23530744415271, -65.84952995919957, -60.84952995919957, 58.54475402832031, 63.54475402832031]											
39	[1.1823242297761851, 6.182324229776185, -71.12041817730726, -66.12041817730726, 72.93138885498047, 77.93138885498047]											
40	[-2.0357327511219125, 2.9642672488780875, -53.28384447123992, -48.28384447123992, 67.55341339111331, 72.55341339111331]											
41	[1.1377830883457989, 6.137783088345799, -71.39032739533965, -66.39032739533965, 72.75601959228516, 77.75601959228516]											
42	[20.45873080856002, 25.45873080856002, -12.216133154130128, -7.216133154130128, 62.280632019043, 67.280632019043]											
43	[9.12047321680484, 14.12047321680484, -30.117761604175428, -25.117761604175428, 80.06619262695312, 85.06619262695312]											
44	[8.190856880603747, 13.190856880603747, -40.78882110183254, -35.78882110183254, 78.74004364013672, 83.74004364013672]											
45	[49.99560603821658, 54.99560603821658, -24.978236598079647, -19.978236598079647, 138.8045349121094, 143.8045349121094]											
46	[1.5983059401432342, 6.598305940143234, -2.8571831430112002, 2.1428168569887998, -77.98372650146484, -72.98372650146484]											
47	[4.300626035375899, 9.300626035375899, -13.0106729715762, -8.0106729715762, -94.92788696289062, -89.92788696289062]											
48	[15.643765974727131, 20.64376597472713, -55.51468421509374, -50.51468421509374, 70.295654296875, 75.295654296875]											
49	[11.144689511109078, 16.14468951110908, -58.84259714457041, -53.84259714457041, -70.58866119384766, -65.58866119384766]											
50	[26.382636726577942, 31.382636726577942, -54.648245217686195, -49.648245217686195, -75.9637222290039, -70.9637222290039]											
51	[23.700201082884462, 28.700201082884462, -44.50846022818014, -39.50846022818014, -70.29497528076172, -65.29497528076172]											
52	[27.009075166669874, 32.009075166669874, -64.86607615367741, -59.86607615367741, 71.45781780917295, 76.45781780917295]											
53	[2.691996567159279, 7.691996567159279, -47.31034006346462, -42.31034006346462, -68.70422363281247, -63.70422363281247]											
54	[3.3168775653314526, 8.316877565331453, -48.62341538612789, -43.62341538612789, -67.01411437988281, -62.01411437988281]											
55	[17.891600147868317, 22.891600147868317, -72.66790784317543, -67.66790784317543, 69.01275634765625, 74.01275634765625]											
56	[4.925974173364239, 9.925974173364239, -68.35637210103066, -63.35637210103066, -79.05322265625, -74.05322265625]											
57	[13.529654129479866, 18.529654129479866, -81.97477075272494, -76.97477075272494, -90.32844543457031, -85.32844543457031]											
58	[9.207531999636299, 14.207531999636299, -76.21566746306644, -71.21566746306644, -85.16754913330078, -80.16754913330078]											
59	[5.274413851107909, 10.274413851107909, -68.33315109779537, -63.333151097795366, -83.5411376953125, -78.5411376953125]											
60	[21.173693208193157, 26.173693208193157, -56.579816586699266, -51.579816586699266, 74.14889526367188, 79.14889526367188]											
61	[18.675872569647254, 23.675872569647254, -71.73455942127899, -66.73455942127899, 70.41654205322266, 75.41654205322266]											
62	[0.08547317400083898, 5.085473174000839, -44.979625654646966, -39.979625654646966, 86.15802001953125, 91.15802001953125]											
63	[9.619251278951921, 14.619251278951921, -52.8633489830401, -47.8633489830401, 94.69383239746094, 99.69383239746094]											
64	[51.75679410274361, 56.75679410274361, -86.53313627004219, -81.53313627004219, -99.03009033203125, -94.03009033203125]											
65	[5.577543743956852, 10.577543743956852, -86.87328842913773, -81.87328842913773, -88.13057708740229, -83.13057708740229]											
66	[-5.328753983125722, -0.328753983125722, -64.67579867186434, -59.67579867186434, -88.04733276367188, -83.04733276367188]											
67	[30.06330468775832, 35.06330468775832, -86.61815743012778, -81.61815743012778, 96.7545394897461, 101.7545394897461]											
68	[30.06330468775832, 35.06330468775832, -86.61815743012778, -81.61815743012778, 96.7545394897461, 101.7545394897461]											
69	[30.06330468775832, 35.06330468775832, -86.61815743012778, -81.61815743012778, 96.7545394897461, 101.7545394897461]											
70	[]											
71	[16.488497843893185, 21.488497843893185, 21.394529589303815, 26.394529589303815, 63.10057830810547, 68.10057830810547]											
72	[1.937058756958777, 6.937058756958777, -55.416112377611896, -50.416112377611896, 74.1388931274414, 79.1388931274414]											
73	[18.546449981219496, 23.546449981219496, -40.26926508751554, -35.26926508751554, 83.33131408691406, 88.33131408691406]											
74	[19.149018308121853, 24.149018308121853, -26.5335362452645, -21.5335362452645, 82.4321517944336, 87.4321517944336]											
75	NA											
76	[6.928521292362575, 11.928521292362575, -39.92097678097113, -34.92097678097113, -67.08782958984375, -62.08782958984375]											
77	NA											
78	NA											
79	[15.072059751731032, 20.072059751731032, -35.676997900882796, -30.676997900882796, 90.92565917968753, 95.92565917968753]											
80	[9.127272990340217, 14.127272990340217, -36.66755332161609, -31.66755332161609, 81.10852813720703, 86.10852813720703]											
81	[17.858704342659564, 22.858704342659564, -18.783791477399816, -13.783791477399816, -105.04037475585938, -100.04037475585938]											
82	[-1.1610600254966812, 3.838939974503319, -36.32695196859148, -31.32695196859148, -65.62438201904297, -60.62438201904297]											
83	[11.10309919017422, 16.10309919017422, -43.73347141174593, -38.73347141174593, 92.7138748168945, 97.7138748168945]											
84	[22.86197395779037, 27.86197395779037, -37.21146107516302, -32.21146107516302, 78.81786346435544, 83.81786346435544]											
85	[10.84340716316646, 15.84340716316646, -95.57017442238133, -90.57017442238133, 95.50883483886719, 100.50883483886719]											
86	[5.768455798337996, 10.768455798337996, -88.72103336088522, -83.72103336088522, 88.27719879150388, 93.27719879150388]											
87	[2.9061437407793775, 7.9061437407793775, -73.16247122374207, -68.16247122374207, 69.42581176757812, 74.42581176757812]											
88	[22.573217742576546, 27.573217742576546, -31.923882724175634, -26.923882724175634, -74.233154296875, -69.233154296875]											
89	[10.075610671249137, 15.075610671249137, -28.605257512315255, -23.605257512315255, -65.72614288330078, -60.72614288330078]											
90	[11.959612144957475, 16.959612144957475, -49.18924330670169, -44.18924330670169, 71.75165557861328, 76.75165557861328]											
91	[15.552637599672494, 20.552637599672494, -42.49576937645983, -37.49576937645983, -63.42905807495117, -58.42905807495117]											
92	[]											
93	[13.794958173714036, 18.794958173714036, -42.151407186608814, -37.151407186608814, 89.972412109375, 94.972412109375]											
94	[-9.502780354098661, -4.502780354098661, -35.6588309035087, -30.6588309035087, 82.80783081054688, 87.80783081054688]											
95	[-4.419079363352836, 0.5809206366471642, -33.00295730603752, -28.002957306037523, 70.83970642089844, 75.83970642089844]											
96	[-4.419079363352836, 0.5809206366471642, -33.00295730603752, -28.002957306037523, 70.83970642089844, 75.83970642089844]											
97	[23.60103675850138, 28.60103675850138, -30.418779489827813, -25.418779489827813, -65.98651885986328, -60.98651885986328]											
98	[7.541733848452537, 12.541733848452537, -50.21621545554447, -45.21621545554447, 94.20926666259766, 99.20926666259766]											
99	[-4.465918815968223, 0.534081184031777, -17.468994933820525, -12.468994933820525, -96.46890258789062, -91.46890258789062]											
100	[3.7312486484350416, 8.731248648435042, -32.969293834644965, -27.969293834644965, 64.65373992919922, 69.65373992919922]											
101	[9.59799252692423, 14.59799252692423, -40.94828619985704, -35.94828619985704, 87.01899719238281, 92.01899719238281]											
102	[2.8445642063245202, 7.84456420632452, -36.68947044718843, -31.689470447188427, -81.87268829345703, -76.87268829345703]											
103	[2.1597741157495136, 7.159774115749514, -34.71116996171736, -29.71116996171736, -86.67233276367186, -81.67233276367186]											
104	[22.5247514001245, 27.5247514001245, -40.29354709072894, -35.29354709072894, 83.43748474121094, 88.43748474121094]											
105	[3.5360486462642484, 8.536048646264248, -59.28127545906679, -54.28127545906679, -75.30220794677737, -70.30220794677737]											
106	[14.82621302739497, 19.82621302739497, -25.064973395343323, -20.064973395343323, -64.41800689697266, -59.418006896972656]											
107	[18.281155848274437, 23.281155848274437, -123.7939962801465, -118.7939962801465, -52.56670379638672, -47.56670379638672]											
108	[16.36920569876534, 21.36920569876534, -122.87285701272575, -117.87285701272575, -72.74679565429688, -67.74679565429688]											
109	[19.540683331386447, 24.540683331386447, -33.0161969081764, -28.016196908176397, -88.26638793945312, -83.26638793945312]											
110	[13.689784450804098, 18.689784450804098, -36.824131776329814, -31.824131776329814, -63.9471244812012, -58.9471244812012]											
111	[14.056089916991937, 19.056089916991937, -43.925019871652495, -38.925019871652495, -76.5325927734375, -71.5325927734375]											
112	[10.156841070237846, 15.156841070237846, -28.452136906070656, -23.452136906070656, -73.70641326904295, -68.70641326904295]											
113	[43.925771501011326, 48.925771501011326, 4.042426623505875, 9.042426623505875, -101.57713317871094, -96.57713317871094]											
114	[25.604482625929933, 30.604482625929933, -69.64418135437, -64.64418135437, -87.09780883789062, -82.09780883789062]											
115	[0.6407697392213265, 5.6407697392213265, -37.585009344582396, -32.585009344582396, -64.599609375, -59.599609375]											
116	[4.122806207251045, 9.122806207251045, -60.55119497994569, -55.55119497994569, 77.27501678466797, 82.27501678466797]											
117	[19.337111225375793, 24.337111225375793, -54.83023115847833, -49.83023115847833, 77.3583984375, 82.3583984375]											
118	[17.44322021161551, 22.44322021161551, -50.476003051516194, -45.476003051516194, 74.6324234008789, 79.6324234008789]											
119	[17.187085280327494, 22.187085280327494, -30.85924842396793, -25.85924842396793, -86.0945053100586, -81.0945053100586]											
120	[26.124815016786215, 31.124815016786215, -60.19973538676527, -55.19973538676527, 75.42667388916016, 80.42667388916016]											
121	[23.705559995654284, 28.705559995654284, -56.11919094730277, -51.11919094730277, 69.37628936767581, 74.37628936767581]											
122	[21.92255141492086, 26.92255141492086, -36.48862838793186, -31.48862838793186, 87.72603607177734, 92.72603607177734]											
123	[23.54419025500505, 28.54419025500505, -62.827487808190334, -57.827487808190334, -74.0638427734375, -69.0638427734375]											
124	[23.20255071782813, 28.20255071782813, -47.4241013104417, -42.4241013104417, 73.01187133789062, 78.01187133789062]											
125	[20.44143867793384, 25.44143867793384, -46.33305257039952, -41.33305257039952, 72.15675354003906, 77.15675354003906]											
126	[16.611618089569532, 21.611618089569532, -40.3280841019879, -35.3280841019879, 71.31324768066406, 76.31324768066406]											
127	[-10.813751825080075, -5.813751825080075, -52.4007057183645, -47.4007057183645, -20.518423080444336, -15.518423080444336]											
128	[11.745189361416465, 16.745189361416465, -59.861101010879864, -54.861101010879864, -74.16929626464847, -69.16929626464847]											
129	[10.09928949945163, 15.09928949945163, -52.9508612177505, -47.9508612177505, -74.97807312011719, -69.97807312011719]											
130	[11.062435007474136, 16.062435007474136, -61.261322164983326, -56.261322164983326, -79.11244201660156, -74.11244201660156]											
131	[9.940026498467518, 14.940026498467518, -51.0676823220989, -46.0676823220989, -78.32033538818362, -73.32033538818362]											
132	[-5.647524126729763, -0.6475241267297633, 3.4312901381372853, 8.431290138137285, -47.32515335083008, -42.32515335083008]											
133	[-9.543703454399093, -4.543703454399093, 1.24914059780059, 6.24914059780059, -52.13618850708008, -47.13618850708008]											
134	[10.00863371872822, 15.00863371872822, -34.747788222751765, -29.747788222751765, 72.20642852783203, 77.20642852783203]											
135	NA											
136	[9.856417172003319, 14.856417172003319, -46.63229765088407, -41.63229765088407, 70.20029449462893, 75.20029449462893]											
137	[11.08096491284033, 16.08096491284033, -33.53121121511888, -28.53121121511888, 82.22541046142578, 87.22541046142578]											
138	[12.30079320897218, 17.30079320897218, -32.9176361676475, -27.9176361676475, 75.52291870117188, 80.52291870117188]											
139	[2.9272920560626403, 7.92729205606264, -38.32919941143999, -33.32919941143999, 84.3073959350586, 89.3073959350586]											
140	[14.656140121149452, 19.656140121149452, -25.597480783438897, -20.597480783438897, 71.05040740966797, 76.05040740966797]											
141	[-1.3413031796191461, 3.658696820380854, -98.03599295482155, -93.03599295482155, 71.08782958984375, 76.08782958984375]											
142	[17.784927576511365, 22.784927576511365, -76.48657619954949, -71.48657619954949, 91.19376373291018, 96.19376373291018]											
143	[22.4241680110554, 27.4241680110554, -77.80765644896312, -72.80765644896312, 94.06075286865234, 99.06075286865234]											
144	[18.19339140008367, 23.19339140008367, -33.37748731933259, -28.377487319332587, 72.00289154052734, 77.00289154052734]											
145	[21.99312540385013, 26.99312540385013, -25.91680235018336, -20.91680235018336, 62.61640548706055, 67.61640548706055]											
146	[15.152974991101516, 20.152974991101516, -62.9275944720698, -57.9275944720698, -65.7632064819336, -60.763206481933594]											
147	[10.42053226031635, 15.42053226031635, -57.48750917272942, -52.48750917272942, 48.61594772338867, 53.61594772338867]											
148	[34.15744702571797, 39.15744702571797, -73.1809552723064, -68.1809552723064, -96.64652252197263, -91.64652252197263]											
149	[-2.4107328991436248, 2.5892671008563752, -17.654477499201484, -12.654477499201484, -100.80058288574213, -95.80058288574213]											
150	[19.219178900144044, 24.219178900144044, -79.10400254589774, -74.10400254589774, 81.5606460571289, 86.5606460571289]											
151	[13.874110137155114, 18.874110137155114, -73.47773380283579, -68.47773380283579, -120.3748550415039, -115.3748550415039]											
152	[1.2245158234368034, 6.224515823436803, -27.92652074844175, -22.92652074844175, 65.92181396484375, 70.92181396484375]											
153	[2.6995191030670895, 7.6995191030670895, -41.83150452710775, -36.83150452710775, 72.12861633300778, 77.12861633300778]											
154	[2.6296672721621235, 7.6296672721621235, -37.35695673820965, -32.35695673820965, 70.89450073242188, 75.89450073242188]											
155	[40.188645398874314, 45.188645398874314, -88.44888400791775, -83.44888400791775, 53.633705139160156, 58.633705139160156]											
156	[38.1471972818624, 43.1471972818624, -49.07313904217854, -44.07313904217854, -60.97550964355469, -55.97550964355469]											
157	[25.47423611632007, 30.47423611632007, -67.78504480450425, -62.78504480450425, -72.23774719238281, -67.23774719238281]											
158	[24.780534748198306, 29.780534748198306, -63.91020859226455, -58.91020859226455, -93.91320037841797, -88.91320037841797]											
159	[25.27449539683431, 30.27449539683431, -76.43294960818366, -71.43294960818366, 81.58660888671875, 86.58660888671875]											
160	[20.866595107224555, 25.866595107224555, -52.13308644194983, -47.13308644194983, 59.11850357055667, 64.11850357055667]											
161	[7.0066771356694915, 12.006677135669491, -25.136309727162576, -20.136309727162576, 80.34052276611331, 85.34052276611331]											
162	[10.559806668573202, 15.559806668573202, -17.92654039472803, -12.926540394728029, 72.03681182861328, 77.03681182861328]											
163	[9.494639052129116, 14.494639052129116, -18.75369668316553, -13.75369668316553, 77.95880889892578, 82.95880889892578]											
164	[21.53553956914891, 26.53553956914891, -61.216277553534184, -56.216277553534184, 65.84437561035156, 70.84437561035156]											
165	[13.033382195734504, 18.033382195734504, -22.845830819726444, -17.845830819726444, 74.32960510253906, 79.32960510253906]											
166	[9.140609336110884, 14.140609336110884, -20.464406934071974, -15.464406934071974, 75.85822296142578, 80.85822296142578]											
167	[3.617637316111967, 8.617637316111967, -36.258055458540206, -31.258055458540206, 62.78309631347656, 67.78309631347656]											
168	[8.797835338730835, 13.797835338730835, -30.004149225062434, -25.004149225062434, -50.87432861328125, -45.87432861328125]											
169	[17.993043155918883, 22.993043155918883, -50.18788407083194, -45.18788407083194, -82.58656311035156, -77.58656311035156]											
170	[9.533111396170483, 14.533111396170483, -19.381847561791783, -14.381847561791783, 63.306922912597656, 68.30692291259766]											
171	[19.818040461551192, 24.818040461551192, -73.04091263001936, -68.04091263001936, 72.35675048828125, 77.35675048828125]											
172	[22.797040298053673, 27.797040298053673, -69.04460088294296, -64.04460088294296, 86.55525083285252, 91.55525083285252]											
173	[9.882588768206688, 14.882588768206688, -37.273333233743784, -32.273333233743784, 71.31148529052734, 76.31148529052734]											
174	[21.887442545425372, 26.887442545425372, -52.283777569379026, -47.283777569379026, -80.69668579101562, -75.69668579101562]											
175	[24.82331641784259, 29.82331641784259, -4.4485970238676344, 0.5514029761323656, 55.46647644042969, 60.46647644042969]											
176	NA											
177	[12.250168789403858, 17.25016878940386, -42.38145188646928, -37.38145188646928, -70.99834442138673, -65.99834442138673]											
178	[108.59539100107304, 113.59539100107304, -8.258712960119382, -3.2587129601193823, 111.96067810058594, 116.96067810058594]											
179	[107.44476372693197, 112.44476372693197, -37.03589138928771, -32.03589138928771, 97.3514633178711, 102.3514633178711]											
180	[22.17650982033257, 27.17650982033257, -71.74779448021629, -66.74779448021629, -78.42267608642575, -73.42267608642575]											
181	[23.370445531064746, 28.370445531064746, -64.10610541337756, -59.10610541337756, 71.49529266357422, 76.49529266357422]											
182	[6.874356317388987, 11.874356317388987, -35.1049154594755, -30.1049154594755, -68.68791961669922, -63.68791961669922]											
183	[3.613148872053813, 8.613148872053813, -62.171013175848316, -57.171013175848316, 72.7175064086914, 77.7175064086914]											
184	[-6.82993994892837, -1.82993994892837, -13.255995019626159, -8.255995019626159, 75.6792984008789, 80.6792984008789]											
185	[7.159397795356426, 12.159397795356426, -41.770718240459125, -36.770718240459125, -67.34228515624997, -62.34228515624997]											
186	[13.904986920991632, 18.904986920991632, -65.27039869257173, -60.27039869257173, 67.05890655517578, 72.05890655517578]											
187	[13.709665472220564, 18.709665472220564, -65.5374154364516, -60.537415436451596, 53.769744873046875, 58.769744873046875]											
188	[29.130823456628008, 34.13082345662801, -42.54948400236991, -37.54948400236991, -82.98882293701169, -77.98882293701169]											
189	[29.135465087131962, 34.13546508713196, -29.777377027246615, -24.777377027246615, -91.88230895996094, -86.88230895996094]											
190	[19.888331657080045, 24.888331657080045, -31.66405365146854, -26.66405365146854, -71.66780090332031, -66.66780090332031]											
191	[9.198517343299187, 14.198517343299187, -44.37495950655159, -39.37495950655159, 69.43590545654297, 74.43590545654297]											
192	[2.3120992327969816, 7.312099232796982, -57.188627082623235, -52.188627082623235, 104.74895477294922, 109.74895477294922]											
193	[0.7446892980736948, 5.744689298073695, -54.330366888892726, -49.330366888892726, 96.18012237548828, 101.18012237548828]	
194	[18.329007344184475, 23.329007344184475, -28.997001162390927, -23.997001162390927, 70.36844635009766, 75.36844635009766]											
195	[18.217250930456203, 23.217250930456203, -25.48610859241321, -20.48610859241321, 56.01385498046875, 61.01385498046875]											
196	[37.72244973005764, 42.72244973005764, -61.2207157648613, -56.2207157648613, 92.14332580566406, 97.14332580566406]											
197	[42.21159730530633, 47.21159730530633, -81.38657461417256, -76.38657461417256, 89.15979766845703, 94.15979766845703]											
198	[29.57328498130289, 34.57328498130289, -62.60845420425687, -57.60845420425687, 113.23074340820312, 118.23074340820312]											
199	[17.671540169796174, 22.671540169796174, -66.93250428590304, -61.932504285903036, -72.98760223388672, -67.98760223388672]											
200	[15.059932490939758, 20.059932490939758, -65.36927697965146, -60.36927697965146, -77.5306396484375, -72.5306396484375]											
201	[24.37857397642108, 29.37857397642108, -21.765125753620495, -16.765125753620495, 84.77201843261719, 89.77201843261719]											
202	[18.697766317365733, 23.697766317365733, -60.57369010788144, -55.57369010788144, -101.04969024658203, -96.04969024658203]											
203	[24.497301974855603, 29.497301974855603, -72.04628764124315, -67.04628764124315, 61.429786682128906, 66.4297866821289]											
204	[5.036619198454645, 10.036619198454645, -90.63981310215962, -85.63981310215962, -74.7629165649414, -69.7629165649414]											
205	[3.4209394365506682, 8.420939436550668, -83.56323351610558, -78.56323351610558, -74.24654388427736, -69.24654388427736]											
206	[17.404120092943074, 22.404120092943074, -78.96919457122762, -73.96919457122762, 75.36257934570315, 80.36257934570315]											
207	[15.064048204024061, 20.06404820402406, -82.50211447440259, -77.50211447440259, -73.04187774658203, -68.04187774658203]											
208	[13.562376876065485, 18.562376876065485, -80.44304760512281, -75.44304760512281, -72.73951721191408, -67.73951721191408]											
209	[32.12033892716178, 37.12033892716178, -94.82786855818523, -89.82786855818523, -83.50608062744143, -78.50608062744143]											
210	[28.730656136617768, 33.73065613661777, -98.9257864007096, -93.9257864007096, -86.310806274414, -81.310806274414]											
211	[34.24135286106285, 39.24135286106285, -86.95271695384565, -81.95271695384565, 44.72695541381836, 49.72695541381836]											
212	[19.655674114466592, 24.655674114466592, -65.78019903414389, -60.78019903414389, 76.67870330810547, 81.67870330810547]											
213	[3.4485213155010683, 8.448521315501068, -55.63408047023985, -50.63408047023985, 82.5809097290039, 87.5809097290039]											
214	[21.70631682310531, 26.70631682310531, -46.365580950467354, -41.365580950467354, 89.05258178710938, 94.05258178710938]											
215	[20.864687356081504, 25.864687356081504, -35.39481176329042, -30.39481176329042, -95.51508331298825, -90.51508331298825]											
216	[12.399855145174172, 17.399855145174172, -37.12103392656134, -32.12103392656134, 59.06610107421875, 64.06610107421875]											
217	[20.810067148368546, 25.810067148368546, -33.12856545489122, -28.128565454891223, 84.9900894165039, 89.9900894165039]											
218	[21.09195188794385, 26.09195188794385, -34.548049667386245, -29.548049667386245, 78.8153991699219, 83.8153991699219]											
219	[16.702533326897566, 21.702533326897566, -56.080897639458684, -51.080897639458684, 99.84933471679688, 104.84933471679688]											
220	[13.536720035687352, 18.536720035687352, -41.34651965833562, -36.34651965833562, 91.53084564208984, 96.53084564208984]											
221	[9.19644858011253, 14.19644858011253, -50.23579350522724, -45.23579350522724, 91.23657989501956, 96.23657989501956]											
222	[4.4923819994322685, 9.492381999432268, -42.39124001138617, -37.39124001138617, 85.47928619384766, 90.47928619384766]											
223	[24.984456133370788, 29.984456133370788, -92.93653941496271, -87.93653941496271, 77.50308990478516, 82.50308990478516]											
224	[23.20685229507373, 28.20685229507373, -94.51628354465123, -89.51628354465123, 74.84524536132812, 79.84524536132812]											
225	[8.69683729628818, 13.69683729628818, -44.69874509611872, -39.69874509611872, 75.82540130615234, 80.82540130615234]											
226	[19.675836905306653, 24.675836905306653, -63.9128386117567, -58.9128386117567, 66.78761291503906, 71.78761291503906]											
227	[36.45365582609395, 41.45365582609395, -96.6298142778935, -91.6298142778935, -118.82476043701169, -113.82476043701169]											
228	[2.214448283250306, 7.214448283250306, -61.81726539876274, -56.81726539876274, -73.83840179443362, -68.83840179443362]											
229	[17.772087460809473, 22.772087460809473, -66.96222635862806, -61.96222635862806, 85.80028533935547, 90.80028533935547]											
230	[24.219471635008148, 29.219471635008148, -78.10062695849653, -73.10062695849653, 57.084457397460966, 62.084457397460966]											
231	[2.58920227728413, 7.58920227728413, -46.68033375784514, -41.68033375784514, 82.11051177978516, 87.11051177978516]											
232	[21.219420063048545, 26.219420063048545, -74.1664796205654, -69.1664796205654, -84.66621398925781, -79.66621398925781]											
233	[14.271088623495132, 19.27108862349513, -64.65979288960557, -59.65979288960557, -88.66158294677734, -83.66158294677734]											
234	[17.843876424368887, 22.843876424368887, -64.93376486621204, -59.933764866212044, -92.44028472900392, -87.44028472900392]											
235	[10.512268893390285, 15.512268893390285, -37.149897550058725, -32.149897550058725, 75.79872131347656, 80.79872131347656]											
236	[8.983240683691662, 13.983240683691662, -20.412781269307096, -15.412781269307096, 65.25162506103516, 70.25162506103516]											
237	[12.658664888828582, 17.658664888828582, -46.063424816425794, -41.063424816425794, 82.31162261962893, 87.31162261962893]											
238	[19.037909098883404, 24.037909098883404, -24.843441869795484, -19.843441869795484, -67.96934509277344, -62.96934509277344]											
239	[6.592532816759501, 11.592532816759501, -47.90374940878956, -42.90374940878956, 80.47049713134766, 85.47049713134766]											
240	[25.85398155597659, 30.85398155597659, -82.98860972501716, -77.98860972501716, -93.31974792480469, -88.31974792480469]											
241	[5.603726077652283, 10.603726077652283, -72.50096436522615, -67.50096436522615, 16.4794864654541, 21.4794864654541]											
242	[7.656423198740811, 12.65642319874081, -39.640504545729634, -34.640504545729634, 71.20604705810547, 76.20604705810547]											
243	NA											
244	[21.04184236330528, 26.04184236330528, -52.366177994731025, -47.366177994731025, 72.38788604736328, 77.38788604736328]											
245	[10.724734348446987, 15.724734348446987, -39.559622603345474, -34.559622603345474, 89.81122589111328, 94.81122589111328]											
246	[0.4002689564909758, 5.400268956490976, -32.95379446997114, -27.953794469971143, -74.31671142578124, -69.31671142578124]											
247	NA											
248	NA											
249	NA											
250	[11.350918714572487, 16.350918714572487, -37.853321687543314, -32.853321687543314, 67.48312377929688, 72.48312377929688]											
251	[-2.988211611037059, 2.011788388962941, -52.071491168299985, -47.071491168299985, -88.83211517333984, -83.83211517333984]											
252	NA											
253	[8.242509796422013, 13.242509796422013, -45.44686284499039, -40.44686284499039, 68.82740020751953, 73.82740020751953]											
254	[8.905733635026252, 13.905733635026252, -50.66933232537271, -45.66933232537271, -72.8948669433594, -67.8948669433594]											
255	[25.625208629255297, 30.625208629255297, -50.25220961931367, -45.25220961931367, -96.1214599609375, -91.1214599609375]											
256	[26.039305816826186, 31.039305816826186, -15.288815039056109, -10.288815039056109, -80.64207458496092, -75.64207458496092]											
257	[30.444914786866832, 35.44491478686683, -50.48396975634673, -45.48396975634673, -109.09991455078125, -104.09991455078125]											
258	[9.738249002161183, 14.738249002161183, -30.987667161493363, -25.987667161493363, -61.003211975097685, -56.003211975097685]											
259	[12.05955501017155, 17.05955501017155, -47.33983325591993, -42.33983325591993, -88.82295989990234, -83.82295989990234]											
260	[32.037006476604944, 37.037006476604944, -51.99964766229569, -46.99964766229569, -102.09056854248047, -97.09056854248047]											
261	[19.70595198621578, 24.70595198621578, -75.56567588785597, -70.56567588785597, -79.24858093261719, -74.24858093261719]											
262	[10.308607167761068, 15.308607167761068, -75.75725670467625, -70.75725670467625, -66.97584533691406, -61.97584533691406]											
263	[4.283454798317052, 9.283454798317052, -41.27412777616081, -36.27412777616081, 74.74362945556643, 79.74362945556643]											
264	[23.742822993526488, 28.742822993526488, -65.70826616976055, -60.70826616976055, -4.729712009429932, 0.27028799057006836]											
265	NA											
266    NA	
267	[16.70938964144574, 21.70938964144574, -30.339104458877344, -25.339104458877344, -79.2238998413086, -74.2238998413086]											
268	[-36.18119466699718, -31.18119466699718, 38.79815405111968, 43.79815405111968, -119.0, -114.0]											
269	[-66.7263010792779, -61.7263010792779, 35.4672798821981, 40.4672798821981, -119.00000000000003, -114.00000000000003]											
270	[16.076440452305462, 21.076440452305462, -23.662998536721844, -18.662998536721844, -81.57389068603516, -76.57389068603516]											
271    NA
272	NA								
												
bounds_muscleSI	[-7.962594875980244, -2.962594875980244, -61.87654242380258, -56.87654242380258, -79.10440063476562, -74.10440063476562]											
267	[20.84185015333216, 25.84185015333216, -43.623467887115225, -38.623467887115225, 81.6356201171875, 86.6356201171875]											
268	[0.16450841573725938, 5.164508415737259, -44.18920470731711, -39.18920470731711, 89.51192474365234, 94.51192474365234]											
	
									